254
488
445
439
495
407
334
95
382
403
321
242
47
237
461
485
377
141
77
353
361
222
103
96
155
466
33
346
360
383
362
305
202
478
335
246
172
462
248
250
384
157
143
481
303
119
91
298
433
156
57
85
73
127
40
468
112
375
216
255
178
253
270
7
294
266
477
54
319
385
304
269
115
474
484
416
498
223
13
75
417
268
388
149
174
212
256
121
261
453
449
411
32
65
249
262
179
393
122
148
58
6
104
225
105
83
90
300
470
89
84
490
331
205
373
233
23
275
245
214
314
450
215
164
130
414
452
11
440
350
494
379
228
459
12
88
337
467
176
219
151
221
36
170
41
297
354
367
293
328
198
279
135
326
185
26
46
184
209
241
68
296
166
483
210
92
106
118
423
404
173
368
378
395
431
110
348
208
317
114
426
408
236
10
120
125
31
98
168
281
399
224
463
390
457
324
45
473
201
138
419
428
21
206
342
227
258
61
190
302
111
349
37
418
257
238
265
229
366
213
17
187
271
272
259
381
456
475
167
357
499
70
60
133
386
218
435
126
252
232
200
389
415
489
409
59
343
86
465
306
491
410
186
5
264
396
100
340
347
52
333
313
394
108
374
288
359
146
443
405
4
145
217
163
183
454
329
283
134
492
287
107
147
260
480
412
142
136
308
278
140
67
20
28
124
330
22
128
289
420
38
312
79
69
355
189
446
424
487
153
421
102
226
438
72
332
401
34
336
30
380
327
199
339
25
251
94
211
2
113
29
188
400
235
338
391
458
284
274
263
285
432
154
267
66
16
299
24
117
448
162
42
244
315
351
387
139
18
81
371
123
392
277
464
451
309
207
27
310
87
132
55
311
15
307
44
53
290
64
74
169
50
500
82
220
398
369
63
78
9
482
427
402
197
180
48
39
496
318
80
14
194
35
247
230
365
486
325
234
460
472
322
56
71
471
51
165
320
344
364
99
476
425
479
93
372
181
341
116
276
204
406
171
430
240
292
316
159
280
49
444
422
62
323
469
301
8
196
429
129
358
441
363
273
109
150
295
160
43
434
191
243
436
231
175
195
286
203
437
158
192
455
19
356
1
193
370
76
177
376
397
3
291
352
442
282
101
182
152
161
497
447
131
413
144
493
97
239
137
345